%YAML:1.0
---
R: !!opencv-matrix
   rows: 3
   cols: 3
   dt: d
   data: [ 9.9946535999672759e-01, 3.0469780060257350e-02,
       -1.1856924967762019e-02, -3.0672848710113866e-02,
       9.9937907196133469e-01, -1.7339171771105246e-02,
       1.1321241920304549e-02, 1.7693587221956162e-02,
       9.9977935888504965e-01 ]
T: !!opencv-matrix
   rows: 3
   cols: 1
   dt: d
   data: [ -4.0652954664237334e-01, 4.5289027653030367e-01,
       8.0864357385196184e-01 ]
R1: !!opencv-matrix
   rows: 3
   cols: 3
   dt: d
   data: [ 8.8233050162683613e-01, 4.1934301983941125e-01,
       2.1364530795432621e-01, -4.0614766241538458e-01,
       4.4911043485312557e-01, 7.9582906055292735e-01,
       2.3777502436852899e-01, -7.8895579661854276e-01,
       5.6657902252778991e-01 ]
R2: !!opencv-matrix
   rows: 3
   cols: 3
   dt: d
   data: [ 8.9210288564274087e-01, 3.8831461531914624e-01,
       2.3100692837540268e-01, -4.0168230891322132e-01,
       4.4749025861353708e-01, 7.9900174665149060e-01,
       2.0689070577007188e-01, -8.0558316018616782e-01,
       5.5518646227229684e-01 ]
P1: !!opencv-matrix
   rows: 3
   cols: 4
   dt: d
   data: [ -1.8834527449216353e+03, 0., 5.6683622436523438e+03, 0., 0.,
       -1.8834527449216353e+03, 2.7662840576171875e+03, 0., 0., 0., 1.,
       0. ]
P2: !!opencv-matrix
   rows: 3
   cols: 4
   dt: d
   data: [ -1.8834527449216353e+03, 0., 5.6683622436523438e+03, 0., 0.,
       -1.8834527449216353e+03, 2.7662840576171875e+03,
       -1.9061810130172839e+03, 0., 0., 1., 0. ]
Q: !!opencv-matrix
   rows: 4
   cols: 4
   dt: d
   data: [ 1., 0., 0., -5.6683622436523438e+03, 0., 1., 0.,
       -2.7662840576171875e+03, 0., 0., 0., -1.8834527449216353e+03, 0.,
       0., -9.8807654260511579e-01, 0. ]
