%YAML:1.0
---
R: !!opencv-matrix
   rows: 3
   cols: 3
   dt: d
   data: [ 9.9927658826588472e-01, 3.2141143611297308e-02,
       -2.0328478326021499e-02, -3.3156977540717357e-02,
       9.9810778768496888e-01, -5.1782806055498461e-02,
       1.8625653922961415e-02, 5.2419376665265353e-02,
       9.9845144797629848e-01 ]
T: !!opencv-matrix
   rows: 3
   cols: 1
   dt: d
   data: [ -1.0415725763062731e+00, -5.3237325439082842e-03,
       9.8842684952403642e-02 ]
R1: !!opencv-matrix
   rows: 3
   cols: 3
   dt: d
   data: [ 9.9286604501666365e-01, 3.2123508206394473e-02,
       -1.1482637708071407e-01, -3.5193787570189185e-02,
       9.9907246550630513e-01, -2.4811408336023612e-02,
       1.1392284217589130e-01, 2.8675579988314326e-02,
       9.9307567543611752e-01 ]
R2: !!opencv-matrix
   rows: 3
   cols: 3
   dt: d
   data: [ 9.9551452587759515e-01, 5.0883185674327628e-03,
       -9.4471888839291335e-02, -2.5526182027657612e-03,
       9.9963373225333130e-01, 2.6942261998314565e-02,
       9.4574377645417346e-02, -2.6580262516221243e-02,
       9.9516288955002286e-01 ]
P1: !!opencv-matrix
   rows: 3
   cols: 4
   dt: d
   data: [ -1.4831399010833929e+04, 0., 1.0898919357299805e+04, 0., 0.,
       -1.4831399010833929e+04, 1.2983271759033203e+04, 0., 0., 0., 1.,
       0. ]
P2: !!opencv-matrix
   rows: 3
   cols: 4
   dt: d
   data: [ -1.4831399010833929e+04, 0., 1.0898919357299805e+04,
       1.5517582191301983e+04, 0., -1.4831399010833929e+04,
       1.2983271759033203e+04, 0., 0., 0., 1., 0. ]
Q: !!opencv-matrix
   rows: 4
   cols: 4
   dt: d
   data: [ 1., 0., 0., -1.0898919357299805e+04, 0., 1., 0.,
       -1.2983271759033203e+04, 0., 0., 0., -1.4831399010833929e+04, 0.,
       0., 9.5578027736481530e-01, 0. ]
