%YAML:1.0
---
R: !!opencv-matrix
   rows: 3
   cols: 3
   dt: d
   data: [ 9.9925679259358036e-01, 3.5409338555893968e-02,
       -1.5232898562794214e-02, -3.5813772494705992e-02,
       9.9898957566050617e-01, -2.7151453392762748e-02,
       1.4256091865856415e-02, 2.7676821795069032e-02,
       9.9951526120416800e-01 ]
T: !!opencv-matrix
   rows: 3
   cols: 1
   dt: d
   data: [ -1.0009491796922123e+00, 3.1817820672112390e-02,
       5.5274414691679950e-02 ]
R1: !!opencv-matrix
   rows: 3
   cols: 3
   dt: d
   data: [ 9.9758497007621061e-01, 2.1211381916706397e-03,
       -6.9424262695528316e-02, -3.1151712723398897e-03,
       9.9989413606007715e-01, -1.4213105945429846e-02,
       6.9386765207709977e-02, 1.4395049338014150e-02,
       9.9748596950962987e-01 ]
R2: !!opencv-matrix
   rows: 3
   cols: 3
   dt: d
   data: [ 9.9797619838970764e-01, -3.1723316587525183e-02,
       -5.5110240720891490e-02, 3.2509240730951780e-02,
       9.9938129120695840e-01, 1.3423265348261274e-02,
       5.4650313034089550e-02, -1.5187691404570224e-02,
       9.9839004267624565e-01 ]
P1: !!opencv-matrix
   rows: 3
   cols: 4
   dt: d
   data: [ 2.0871880238498061e+03, 0., 1.9348046264648438e+03, 0., 0.,
       2.0871880238498061e+03, 1.2703229522705078e+03, 0., 0., 0., 1.,
       0. ]
P2: !!opencv-matrix
   rows: 3
   cols: 4
   dt: d
   data: [ 2.0871880238498061e+03, 0., 1.9348046264648438e+03,
       -2.0934057783210355e+03, 0., 2.0871880238498061e+03,
       1.2703229522705078e+03, 0., 0., 0., 1., 0. ]
Q: !!opencv-matrix
   rows: 4
   cols: 4
   dt: d
   data: [ 1., 0., 0., -1.9348046264648438e+03, 0., 1., 0.,
       -1.2703229522705078e+03, 0., 0., 0., 2.0871880238498061e+03, 0.,
       0., 9.9702983791502864e-01, 0. ]
