%YAML:1.0
---
R: !!opencv-matrix
   rows: 3
   cols: 3
   dt: d
   data: [ 9.9927677517457159e-01, 3.2133202555096579e-02,
       -2.0331844241529711e-02, -3.3152840481331741e-02,
       9.9809784382215627e-01, -5.1976757551639004e-02,
       1.8622990219834771e-02, 5.2613225059063108e-02,
       9.9844130162176103e-01 ]
T: !!opencv-matrix
   rows: 3
   cols: 1
   dt: d
   data: [ -1.0470084518869960e+00, -5.3070141921256978e-03,
       9.3465921097750829e-02 ]
R1: !!opencv-matrix
   rows: 3
   cols: 3
   dt: d
   data: [ 9.9348285636745226e-01, 3.2366422330319902e-02,
       -1.0928965554664219e-01, -3.5293482100212208e-02,
       9.9906537820600472e-01, -2.4954762898782203e-02,
       1.0837981465757510e-01, 2.8649341626428442e-02,
       9.9369664938509372e-01 ]
R2: !!opencv-matrix
   rows: 3
   cols: 3
   dt: d
   data: [ 9.9602644196059842e-01, 5.0485996112930934e-03,
       -8.8914782557658015e-02, -2.6574104617631826e-03,
       9.9963214666782818e-01, 2.6990915469969040e-02,
       8.9018341283964991e-02, -2.6647382427438415e-02,
       9.9567346651641642e-01 ]
P1: !!opencv-matrix
   rows: 3
   cols: 4
   dt: d
   data: [ -1.7633702009098055e+04, 0., 1.2674980346679688e+04, 0., 0.,
       -1.7633702009098055e+04, 1.4561009674072266e+04, 0., 0., 0., 1.,
       0. ]
P2: !!opencv-matrix
   rows: 3
   cols: 4
   dt: d
   data: [ -1.7633702009098055e+04, 0., 1.2674980346679688e+04,
       1.8536290065994781e+04, 0., -1.7633702009098055e+04,
       1.4561009674072266e+04, 0., 0., 0., 1., 0. ]
Q: !!opencv-matrix
   rows: 4
   cols: 4
   dt: d
   data: [ 1., 0., 0., -1.2674980346679688e+04, 0., 1., 0.,
       -1.4561009674072266e+04, 0., 0., 0., -1.7633702009098055e+04, 0.,
       0., 9.5130697385057950e-01, 0. ]
