%YAML:1.0
---
R: !!opencv-matrix
   rows: 3
   cols: 3
   dt: d
   data: [ 9.9996861640802581e-01, 4.5905229215223798e-03,
       6.4570347935758478e-03, -4.6650409686111909e-03,
       9.9992214532637191e-01, 1.1573274327826504e-02,
       -6.4034047021604545e-03, -1.1603033448754962e-02,
       9.9991217915525332e-01 ]
T: !!opencv-matrix
   rows: 3
   cols: 1
   dt: d
   data: [ -3.3622544825690968e+00, 4.1001512127099876e-02,
       1.1377437257274788e-01 ]
R1: !!opencv-matrix
   rows: 3
   cols: 3
   dt: d
   data: [ 9.9959577437154845e-01, -7.2058847180598131e-03,
       -2.7502055995404357e-02, 7.3645657339751472e-03,
       9.9995678995657622e-01, 5.6728644695105222e-03,
       2.7459989622982080e-02, -5.8731120515028348e-03,
       9.9960565000640944e-01 ]
R2: !!opencv-matrix
   rows: 3
   cols: 3
   dt: d
   data: [ 9.9935374295420143e-01, -1.2186767784361150e-02,
       -3.3816846902068882e-02, 1.1991289055532149e-02,
       9.9991023626291742e-01, -5.9773241022567968e-03,
       3.3886655636320664e-02, 5.5679536282913066e-03,
       9.9941017228272133e-01 ]
P1: !!opencv-matrix
   rows: 3
   cols: 4
   dt: d
   data: [ 4.5817800037570947e+02, 0., 3.3017421913146973e+02, 0., 0.,
       4.5817800037570947e+02, 2.4344698143005371e+02, 0., 0., 0., 1.,
       0. ]
P2: !!opencv-matrix
   rows: 3
   cols: 4
   dt: d
   data: [ 4.5817800037570947e+02, 0., 3.3017421913146973e+02,
       -1.5415072454963263e+03, 0., 4.5817800037570947e+02,
       2.4344698143005371e+02, 0., 0., 0., 1., 0. ]
Q: !!opencv-matrix
   rows: 4
   cols: 4
   dt: d
   data: [ 1., 0., 0., -3.3017421913146973e+02, 0., 1., 0.,
       -2.4344698143005371e+02, 0., 0., 0., 4.5817800037570947e+02, 0.,
       0., 2.9722727655956482e-01, 0. ]
