%YAML:1.0
---
R: !!opencv-matrix
   rows: 3
   cols: 3
   dt: d
   data: [ 9.9994355216377429e-01, 4.4161160964607572e-03,
       9.6638711040524603e-03, -4.5296829251318341e-03,
       9.9992057104337606e-01, 1.1761529530064449e-02,
       -9.6111632329770064e-03, -1.1804639889102469e-02,
       9.9988413129642062e-01 ]
T: !!opencv-matrix
   rows: 3
   cols: 1
   dt: d
   data: [ -1.0008849435760641e+02, 1.3008184099101454e+00,
       4.5087391493713724e-01 ]
R1: !!opencv-matrix
   rows: 3
   cols: 3
   dt: d
   data: [ 9.9995112474737846e-01, -8.5255508684607007e-03,
       5.0063059077591655e-03, 8.4957747478141294e-03,
       9.9994627259674496e-01, 5.9391692441466346e-03,
       -5.0566716214502320e-03, -5.8963465184384755e-03,
       9.9996983112984339e-01 ]
R2: !!opencv-matrix
   rows: 3
   cols: 3
   dt: d
   data: [ 9.9990541014263379e-01, -1.2995453413810282e-02,
       -4.5043265934948309e-03, 1.2968569375759430e-02,
       9.9989821845627080e-01, -5.9471788540296144e-03,
       4.5811544219218044e-03, 5.8882016393112836e-03,
       9.9997217066557287e-01 ]
P1: !!opencv-matrix
   rows: 3
   cols: 4
   dt: d
   data: [ 4.2895658409927455e+02, 0., 3.1924885177612305e+02, 0., 0.,
       4.2895658409927455e+02, 2.3943298339843750e+02, 0., 0., 0., 1.,
       0. ]
P2: !!opencv-matrix
   rows: 3
   cols: 4
   dt: d
   data: [ 4.2895658409927455e+02, 0., 3.1924885177612305e+02,
       -4.2937680116316202e+04, 0., 4.2895658409927455e+02,
       2.3943298339843750e+02, 0., 0., 0., 1., 0. ]
Q: !!opencv-matrix
   rows: 4
   cols: 4
   dt: d
   data: [ 1., 0., 0., -3.1924885177612305e+02, 0., 1., 0.,
       -2.3943298339843750e+02, 0., 0., 0., 4.2895658409927455e+02, 0.,
       0., 9.9902133263197000e-03, 0. ]
