%YAML:1.0
---
R: !!opencv-matrix
   rows: 3
   cols: 3
   dt: d
   data: [ 9.9991515566948652e-01, -1.1055667387009331e-02,
       6.8886632298503182e-03, 1.0880784996119974e-02,
       9.9963005154718754e-01, 2.4927265426345612e-02,
       -7.1617023349678519e-03, -2.4850196425684309e-02,
       9.9966553294452953e-01 ]
T: !!opencv-matrix
   rows: 3
   cols: 1
   dt: d
   data: [ -9.2101086143322364e-01, -2.1826400573773354e-02,
       -1.8077052695183875e-02 ]
R1: !!opencv-matrix
   rows: 3
   cols: 3
   dt: d
   data: [ 9.9955934438842897e-01, 1.2140384070803572e-02,
       2.7087416273752104e-02, -1.2473988206354987e-02,
       9.9984799945832892e-01, 1.2181034332321745e-02,
       -2.6935416536632003e-02, -1.2513554802327879e-02,
       9.9955884983436938e-01 ]
R2: !!opencv-matrix
   rows: 3
   cols: 3
   dt: d
   data: [ 9.9952691348528511e-01, 2.3687098286819436e-02,
       1.9618119005904749e-02, -2.3443005735444812e-02,
       9.9964602033013350e-01, -1.2580124014259664e-02,
       -1.9909161224601790e-02, 1.2114264850861017e-02,
       9.9972839805942093e-01 ]
P1: !!opencv-matrix
   rows: 3
   cols: 4
   dt: d
   data: [ 1.0173445039367319e+03, 0., 9.5035102844238281e+02, 0., 0.,
       1.0173445039367319e+03, 5.4395130157470703e+02, 0., 0., 0., 1.,
       0. ]
P2: !!opencv-matrix
   rows: 3
   cols: 4
   dt: d
   data: [ 1.0173445039367319e+03, 0., 9.5035102844238281e+02,
       -9.3742882287973453e+02, 0., 1.0173445039367319e+03,
       5.4395130157470703e+02, 0., 0., 0., 1., 0. ]
Q: !!opencv-matrix
   rows: 4
   cols: 4
   dt: d
   data: [ 1., 0., 0., -9.5035102844238281e+02, 0., 1., 0.,
       -5.4395130157470703e+02, 0., 0., 0., 1.0173445039367319e+03, 0.,
       0., 1.0852498654900544e+00, 0. ]
