%YAML:1.0
---
M1: !!opencv-matrix
   rows: 3
   cols: 3
   dt: d
   data: [ 2.4798441648438088e+03, 0., 1.6313756939445420e+03, 0.,
       2.4530819643736336e+03, 1.2419532274809046e+03, 0., 0., 1. ]
D1: !!opencv-matrix
   rows: 1
   cols: 14
   dt: d
   data: [ 9.1794641212245313e-04, 1.5690185314228655e-01, 0., 0., 0.,
       0., 0., 4.7380216487725479e-01, 0., 0., 0., 0., 0., 0. ]
M2: !!opencv-matrix
   rows: 3
   cols: 3
   dt: d
   data: [ 2.4798441648438088e+03, 0., 1.6697524441293065e+03, 0.,
       2.4530819643736336e+03, 1.1947864599270647e+03, 0., 0., 1. ]
D2: !!opencv-matrix
   rows: 1
   cols: 14
   dt: d
   data: [ 3.0098262988852292e-02, 2.0346856236541869e-01, 0., 0., 0.,
       0., 0., 7.5319440407021110e-01, 0., 0., 0., 0., 0., 0. ]
