%YAML:1.0
---
M1: !!opencv-matrix
   rows: 3
   cols: 3
   dt: d
   data: [ 2.3451845755663271e+03, 0., 1.6864003642929783e+03, 0.,
       2.3677045563145221e+03, 1.3293733756546162e+03, 0., 0., 1. ]
D1: !!opencv-matrix
   rows: 1
   cols: 14
   dt: d
   data: [ 1.7367336402938849e-01, -4.3180664037309874e-01, 0., 0., 0.,
       0., 0., -2.7211061854165214e-01, 0., 0., 0., 0., 0., 0. ]
M2: !!opencv-matrix
   rows: 3
   cols: 3
   dt: d
   data: [ 2.3451845755663271e+03, 0., 1.7139343741269695e+03, 0.,
       2.3677045563145221e+03, 1.2086793573886309e+03, 0., 0., 1. ]
D2: !!opencv-matrix
   rows: 1
   cols: 14
   dt: d
   data: [ 1.6823699571013853e-01, -3.1715896417581108e-01, 0., 0., 0.,
       0., 0., -9.1127261989927821e-02, 0., 0., 0., 0., 0., 0. ]
