%YAML:1.0
---
M1: !!opencv-matrix
   rows: 3
   cols: 3
   dt: d
   data: [ 5.3452863983576901e+02, 0., 3.2795895573342915e+02, 0.,
       5.3275190164080550e+02, 2.4326068430710615e+02, 0., 0., 1. ]
D1: !!opencv-matrix
   rows: 1
   cols: 14
   dt: d
   data: [ -1.3952828945295304e-01, -1.2854258321735748e+00, 0., 0., 0.,
       0., 0., -3.6850727170255895e+00, 0., 0., 0., 0., 0., 0. ]
M2: !!opencv-matrix
   rows: 3
   cols: 3
   dt: d
   data: [ 5.3452863983576901e+02, 0., 3.1331823023177270e+02, 0.,
       5.3275190164080550e+02, 2.4831807490939192e+02, 0., 0., 1. ]
D2: !!opencv-matrix
   rows: 1
   cols: 14
   dt: d
   data: [ -1.3303336197266943e-01, -6.3612910390818889e-01, 0., 0., 0.,
       0., 0., -1.2382091760428489e+00, 0., 0., 0., 0., 0., 0. ]
