%YAML:1.0
---
M1: !!opencv-matrix
   rows: 3
   cols: 3
   dt: d
   data: [ 5.6363870333833765e+03, 0., 1.5872932790242335e+03, 0.,
       4.9462116790099171e+03, 1.1658153930320379e+03, 0., 0., 1. ]
D1: !!opencv-matrix
   rows: 1
   cols: 14
   dt: d
   data: [ 4.9963547812861933e+00, -8.3092171472812481e+01, 0., 0., 0.,
       0., 0., -9.7519281125505950e+02, 0., 0., 0., 0., 0., 0. ]
M2: !!opencv-matrix
   rows: 3
   cols: 3
   dt: d
   data: [ 5.6363870333833765e+03, 0., 1.5366467967250571e+03, 0.,
       4.9462116790099171e+03, 1.0305395567686428e+03, 0., 0., 1. ]
D2: !!opencv-matrix
   rows: 1
   cols: 14
   dt: d
   data: [ 7.3723455111406597e+00, -2.1352561320239383e+02, 0., 0., 0.,
       0., 0., -3.0068230602091289e+03, 0., 0., 0., 0., 0., 0. ]
