%YAML:1.0
---
M1: !!opencv-matrix
   rows: 3
   cols: 3
   dt: d
   data: [ 1.5354337640229080e+03, 0., 1.0110000606069220e+03, 0.,
       1.1620281748054806e+03, 5.2033532304795449e+02, 0., 0., 1. ]
D1: !!opencv-matrix
   rows: 1
   cols: 14
   dt: d
   data: [ 1.3900415313765851e-01, -3.9092291928694450e-01, 0., 0., 0.,
       0., 0., -4.7970466338665874e-01, 0., 0., 0., 0., 0., 0. ]
M2: !!opencv-matrix
   rows: 3
   cols: 3
   dt: d
   data: [ 1.5354337640229080e+03, 0., 9.7990619984308921e+02, 0.,
       1.1620281748054806e+03, 5.5965640462411773e+02, 0., 0., 1. ]
D2: !!opencv-matrix
   rows: 1
   cols: 14
   dt: d
   data: [ 1.0716095470296252e-01, -4.9417518640762728e-02, 0., 0., 0.,
       0., 0., 3.0668078626106354e-01, 0., 0., 0., 0., 0., 0. ]
