%YAML:1.0
---
M1: !!opencv-matrix
   rows: 3
   cols: 3
   dt: d
   data: [ 5.3258049284540198e+02, 0., 3.2791312980160143e+02, 0.,
       5.2597959925152315e+02, 2.3696592886511820e+02, 0., 0., 1. ]
D1: !!opencv-matrix
   rows: 1
   cols: 14
   dt: d
   data: [ -2.7773165219100232e-01, -2.6358971281056003e-02, 0., 0., 0.,
       0., 0., -1.9901289281338425e-01, 0., 0., 0., 0., 0., 0. ]
M2: !!opencv-matrix
   rows: 3
   cols: 3
   dt: d
   data: [ 5.3258049284540198e+02, 0., 3.1120476057773209e+02, 0.,
       5.2597959925152315e+02, 2.4195955790108263e+02, 0., 0., 1. ]
D2: !!opencv-matrix
   rows: 1
   cols: 14
   dt: d
   data: [ -2.8021383312201847e-01, 5.5705482135709992e-02, 0., 0., 0.,
       0., 0., -1.0714969029568991e-01, 0., 0., 0., 0., 0., 0. ]
