%YAML:1.0
---
M1: !!opencv-matrix
   rows: 3
   cols: 3
   dt: d
   data: [ 2.4781010775146638e+03, 0., 1.6328524240715662e+03, 0.,
       2.4513576919132129e+03, 1.2423188460220731e+03, 0., 0., 1. ]
D1: !!opencv-matrix
   rows: 1
   cols: 14
   dt: d
   data: [ -1.1262160283994969e-03, 1.6616481435893565e-01, 0., 0., 0.,
       0., 0., 4.8830804237557190e-01, 0., 0., 0., 0., 0., 0. ]
M2: !!opencv-matrix
   rows: 3
   cols: 3
   dt: d
   data: [ 2.4781010775146638e+03, 0., 1.6707307019973355e+03, 0.,
       2.4513576919132129e+03, 1.1945233765944640e+03, 0., 0., 1. ]
D2: !!opencv-matrix
   rows: 1
   cols: 14
   dt: d
   data: [ 3.1193267245256739e-02, 1.9333900576558327e-01, 0., 0., 0.,
       0., 0., 7.3168713459797496e-01, 0., 0., 0., 0., 0., 0. ]
